'A', 'C', 'D', 'E', 'F', 'G', 'H', 'I', 'K', 'L', 'M', 'N', 'P', 'Q', 'R', 'S', 'T', 'V', 'W', 'Y',Label
10.0,0.635,5.873,6.508,3.333,8.413,1.587,2.857,4.603,14.921,1.746,3.016,5.079,5.079,3.81,9.841,4.127,5.079,2.063,1.429,amino
7.708,2.083,3.333,2.292,6.458,8.125,1.25,7.083,3.958,8.333,2.708,3.958,3.958,3.958,2.708,7.708,6.667,11.667,2.292,3.75,amino
9.953,1.738,3.949,4.581,6.319,8.847,2.054,8.215,4.265,9.479,2.37,3.476,3.318,3.633,3.791,7.425,4.739,6.003,1.896,3.949,amino
7.143,2.326,5.15,2.658,5.648,7.309,1.329,8.472,3.987,11.96,2.159,4.817,4.817,1.661,4.651,8.97,7.143,6.977,0.831,1.993,amino
8.008,2.053,1.232,4.723,6.366,6.982,0.411,10.472,3.491,10.883,2.259,3.285,6.16,2.053,3.08,6.982,6.16,9.035,1.643,4.723,amino
7.401,1.48,4.112,3.783,7.566,7.566,0.822,8.059,6.414,9.375,2.632,4.112,3.783,1.316,3.618,8.059,4.77,7.73,1.316,6.086,amino
11.156,1.623,2.028,3.043,5.68,9.128,1.42,7.505,2.84,13.387,3.854,3.651,2.434,2.84,3.651,6.288,4.26,7.708,2.434,5.071,amino
7.206,2.812,2.988,4.042,6.151,8.084,1.23,5.097,4.394,15.466,3.515,3.339,4.218,4.394,3.339,7.381,5.097,6.854,1.757,2.636,amino
8.362,1.045,2.962,3.833,7.317,9.408,0.871,9.582,4.704,8.711,1.742,5.401,3.31,3.484,2.265,6.969,4.704,8.362,2.265,4.704,amino
9.635,2.99,2.99,3.322,6.312,9.635,0.332,4.651,6.312,10.631,3.654,2.99,3.987,4.319,3.987,7.641,5.316,6.312,0.664,4.319,amino
9.402,2.222,3.761,4.615,6.667,8.376,0.684,7.35,3.761,9.915,2.222,3.419,4.103,3.761,3.59,8.205,5.47,5.983,2.222,4.274,amino
4.742,2.062,3.505,3.918,6.804,6.186,1.443,8.247,5.155,13.608,3.711,4.33,2.68,2.474,2.062,9.278,7.216,8.454,0.619,3.505,amino
6.465,1.926,2.889,5.502,6.878,7.428,1.651,6.052,4.402,11.004,3.301,3.989,5.089,2.338,3.026,8.116,4.952,8.803,1.926,4.264,amino
3.796,1.168,6.861,5.401,5.109,6.131,2.774,6.277,4.964,8.759,3.066,6.569,4.088,3.942,4.818,7.737,6.569,5.255,2.19,4.526,amino
6.288,1.014,6.085,6.085,4.868,6.288,3.854,6.694,5.477,9.533,2.84,3.854,2.84,2.84,4.868,10.142,3.651,9.128,1.014,2.637,anion
6.188,2.228,2.475,3.465,5.446,4.95,1.733,12.376,3.465,12.129,3.96,4.455,3.713,2.723,4.208,8.663,4.208,6.931,2.228,4.455,anion
6.515,0.651,7.492,8.469,3.909,8.143,1.954,2.932,3.257,9.121,2.932,0.651,9.446,5.537,4.886,10.098,3.909,5.863,1.629,2.606,anion
10.067,1.007,4.027,3.356,4.698,8.054,1.342,4.362,7.047,10.403,4.698,4.698,4.698,2.349,5.034,5.034,6.711,6.711,1.342,4.362,anion
9.914,1.863,3.393,4.724,4.591,7.385,1.929,3.726,3.327,13.972,1.597,1.996,5.19,5.589,5.921,7.718,4.524,8.516,2.329,1.796,anion
14.286,0.752,3.383,2.444,4.511,8.459,0.752,9.023,0.94,12.97,2.256,1.88,6.767,1.316,6.203,5.075,4.323,11.842,1.504,1.316,anion
6.264,1.119,3.915,3.356,5.257,4.139,2.237,8.501,4.81,11.745,3.356,6.152,4.698,4.586,2.796,10.85,6.376,6.152,1.454,2.237,anion
8.319,1.213,3.813,3.813,7.279,7.799,1.213,7.626,6.066,9.879,3.293,1.733,3.466,3.12,3.293,7.972,7.626,7.799,1.906,2.773,anion
10.396,1.98,2.475,3.96,5.281,7.591,1.155,4.125,2.31,16.007,2.64,1.65,6.436,3.96,4.125,6.931,5.446,9.406,0.825,3.3,anion
8.696,0.932,1.553,5.59,3.727,8.696,2.174,7.764,8.696,8.385,2.484,4.037,5.28,4.037,4.348,5.28,6.522,7.453,0.311,4.037,anion
7.621,3.421,2.644,2.488,6.065,7.154,1.4,6.221,2.955,13.219,2.799,3.421,6.221,2.955,4.821,11.353,4.199,6.532,1.089,3.421,anion
9.541,0.707,5.3,2.827,6.007,7.42,1.06,3.534,6.714,10.954,1.413,7.067,4.594,3.887,1.767,8.481,8.834,6.36,0.707,2.827,anion
9.317,0.621,4.037,5.124,3.571,7.919,1.708,6.056,5.124,11.801,2.019,3.882,2.484,2.95,4.348,10.093,6.677,9.161,0.466,2.64,cation
8.154,1.77,4.172,4.994,5.247,5.247,2.276,6.827,4.362,13.401,2.276,3.287,3.856,4.551,5.436,7.396,5.563,7.269,1.454,2.465,cation
7.034,4.373,5.703,7.985,5.703,6.464,2.662,4.563,5.703,9.696,2.471,3.612,4.183,4.373,4.753,5.513,4.753,5.323,0.57,4.563,cation
6.519,1.281,5.821,6.519,3.958,4.307,2.91,5.006,5.821,6.985,2.561,5.471,5.355,3.842,5.355,12.806,6.17,5.704,0.815,2.794,cation
7.496,1.595,3.509,3.509,4.785,6.22,1.754,8.134,3.668,10.686,2.711,3.349,3.668,3.19,4.147,7.815,6.22,8.453,3.03,6.061,cation
10.169,0.0,5.085,3.39,10.169,6.78,0.0,3.39,10.169,5.085,3.39,5.085,8.475,0.0,5.085,5.085,3.39,8.475,1.695,5.085,cation
10.68,0.0,0.971,5.825,3.883,5.825,0.0,6.796,7.767,8.738,1.942,3.883,5.825,3.883,3.883,3.883,6.796,12.621,1.942,4.854,cation
11.306,0.78,5.458,6.043,2.729,9.357,1.365,7.797,4.678,8.967,1.949,3.119,3.509,5.458,5.653,6.238,4.483,7.797,0.195,3.119,cation
19.872,0.641,5.128,11.538,1.923,1.923,0.641,8.333,9.615,8.974,1.923,2.564,1.282,6.41,6.41,3.205,1.923,6.41,0.641,0.641,cation
6.168,3.454,4.441,6.25,3.207,7.237,2.385,7.812,6.332,7.895,1.562,4.194,2.796,2.549,4.523,11.184,6.579,8.964,0.493,1.974,cation
7.909,1.667,4.062,6.712,5.686,6.969,2.522,4.703,4.318,9.534,2.864,3.42,6.285,3.805,7.525,7.054,5.045,6.199,1.026,2.693,cation
7.132,2.124,4.451,7.031,6.019,7.587,2.175,5.665,3.794,11.33,2.479,3.743,5.008,3.49,5.918,6.525,5.008,6.879,1.214,2.428,cation
7.025,0.826,6.818,7.645,2.273,4.959,3.306,3.926,4.959,8.884,1.653,2.893,7.025,6.405,7.438,11.157,2.479,6.198,1.24,2.893,cation
8.856,1.845,5.166,4.797,4.059,7.38,3.321,5.904,3.69,12.915,2.214,2.214,4.428,7.38,5.904,4.797,5.535,6.273,1.107,2.214,cation
6.859,1.925,4.573,4.332,5.415,6.378,2.768,7.702,4.091,12.274,3.851,3.971,3.61,3.971,3.369,7.461,6.498,7.22,0.842,2.888,cation
7.595,0.316,6.329,10.759,6.962,4.747,1.582,6.013,3.165,13.608,3.165,3.481,3.165,4.114,7.278,6.013,2.848,5.063,1.266,2.532,cation
4.979,4.564,4.979,4.979,5.394,6.639,0.83,7.884,6.639,9.959,2.49,2.905,2.905,2.905,4.149,8.714,5.394,5.394,2.905,5.394,cation
5.204,1.357,4.525,8.371,6.561,4.525,2.715,7.919,5.43,12.217,3.846,4.977,2.715,4.299,3.167,3.846,5.882,7.919,2.036,2.489,cation
5.616,1.63,5.797,6.341,5.072,6.884,1.812,9.601,4.167,7.428,2.355,4.348,3.442,3.08,5.435,6.159,6.522,7.971,2.899,3.442,cation
12.384,2.477,3.715,3.096,3.715,9.288,0.619,5.263,4.954,12.693,1.858,2.786,4.954,6.811,5.573,5.263,4.954,6.811,0.0,2.786,cation
2.767,1.779,3.755,4.15,8.498,6.126,1.383,7.708,5.336,12.846,2.569,3.953,2.767,1.976,4.15,9.881,7.115,8.103,0.988,4.15,cation
6.596,1.319,3.694,6.069,5.013,5.805,2.111,5.541,4.749,12.401,1.319,2.111,4.222,3.958,5.805,7.916,8.443,8.443,1.319,3.166,cation
4.79,1.597,4.99,5.589,5.788,6.188,1.597,4.99,6.387,10.379,3.992,2.994,5.19,4.99,4.99,8.782,6.786,5.988,1.198,2.794,cation
6.056,1.477,6.056,5.022,6.942,4.284,2.216,8.124,5.17,9.453,2.511,5.318,3.397,2.954,6.056,8.567,5.761,4.579,2.068,3.988,cation
6.23,2.832,5.502,4.612,5.178,6.392,2.346,6.149,5.016,10.275,2.832,5.34,3.803,3.155,4.693,10.437,4.773,6.23,1.375,2.832,cation
7.023,2.137,4.733,10.229,6.107,7.634,2.748,5.344,3.969,8.244,1.832,3.053,4.122,3.817,5.802,8.55,4.733,5.954,0.611,3.359,cation
5.802,1.069,4.58,6.718,6.107,6.107,2.29,5.649,4.275,9.771,1.832,3.511,4.885,9.924,5.038,7.328,5.191,6.565,0.763,2.595,cation
8.413,2.54,3.81,6.032,5.714,5.238,2.54,6.032,3.333,7.143,2.381,3.016,5.238,3.81,7.143,9.365,6.667,7.143,0.794,3.651,cation
6.775,1.921,5.763,6.067,4.954,5.763,2.123,6.168,6.168,8.999,2.224,3.842,4.247,3.741,5.763,7.988,5.258,7.786,1.517,2.932,cation
8.629,2.538,2.792,4.315,5.584,9.645,2.538,4.569,2.792,10.66,2.792,2.03,2.538,4.315,7.36,8.376,7.107,6.091,0.761,4.569,cation
5.729,3.906,3.646,5.99,9.115,5.208,1.562,6.51,5.469,12.5,1.823,2.604,6.25,3.646,3.906,5.99,4.948,6.771,1.042,3.385,cation
7.798,2.294,4.472,5.275,4.128,8.716,1.72,4.358,5.619,8.257,1.606,2.064,7.913,3.555,7.454,9.862,4.014,6.193,1.491,3.211,cation
4.46,2.855,4.371,4.728,6.78,4.817,2.765,7.136,5.798,11.597,2.319,4.639,3.747,3.836,4.193,9.545,6.601,6.155,1.16,2.498,cation
5.862,3.448,4.655,3.966,6.034,6.724,2.414,5.862,2.931,12.586,1.897,3.276,5.345,3.793,5.517,7.931,5.517,6.897,1.207,4.138,cation
9.419,2.405,3.808,2.605,4.81,12.024,2.004,6.613,3.006,9.619,3.206,4.008,3.808,1.403,2.605,7.415,7.214,7.214,3.407,3.407,cation
8.85,0.0,3.54,4.425,5.31,6.195,1.77,11.504,4.425,12.389,4.425,2.655,3.54,0.885,1.77,5.31,9.735,9.735,0.0,3.54,cation
12.621,0.0,2.184,1.942,4.612,8.738,2.184,7.767,2.67,14.563,4.126,2.184,3.398,4.369,3.641,5.825,5.583,9.466,1.942,2.184,cation
5.263,0.957,4.785,3.349,10.526,3.349,0.0,14.354,6.699,14.354,1.435,4.785,1.914,1.914,2.871,5.742,5.742,6.22,0.478,5.263,cation
14.136,0.262,2.356,2.618,6.806,9.686,2.356,9.162,4.45,15.183,3.665,2.356,3.403,1.047,1.571,6.545,3.403,7.592,1.047,2.356,cation
6.283,0.873,3.752,6.195,4.45,6.632,2.182,6.632,6.021,13.176,2.182,3.229,3.578,3.316,4.014,10.384,5.148,7.504,1.483,2.967,cation
7.242,1.671,2.786,4.178,6.685,9.192,2.228,8.357,4.457,13.092,2.507,4.457,3.343,1.393,2.786,8.357,4.735,8.357,1.393,2.786,cation
9.586,2.068,2.444,3.383,5.263,7.331,1.692,8.835,4.135,14.474,2.444,4.323,3.759,2.444,3.195,9.211,3.571,7.895,1.316,2.632,cation
10.889,0.5,2.997,4.695,3.896,7.592,1.199,4.795,3.497,8.092,2.398,2.997,7.393,5.495,6.993,9.99,6.693,4.595,1.099,4.196,cation
8.939,1.117,5.028,6.425,6.844,6.425,1.117,6.006,5.168,7.961,3.073,5.866,2.374,3.212,4.888,7.123,5.726,7.402,1.117,4.19,cation
8.297,1.092,4.585,3.93,7.205,10.48,3.493,6.987,3.057,10.48,4.367,3.057,3.275,2.838,1.528,6.332,7.642,6.987,1.092,3.275,cation
7.374,2.878,3.237,4.496,5.396,7.734,1.079,4.676,2.698,14.388,3.058,2.698,4.856,3.777,4.137,6.655,6.295,8.633,2.338,3.597,cation
9.348,2.391,2.826,5.0,8.043,9.348,2.826,6.304,3.913,13.478,2.609,4.565,4.565,3.478,1.739,6.522,5.435,5.217,0.435,1.957,cation
5.843,1.896,5.074,6.612,7.073,5.536,0.769,7.176,6.458,10.302,3.588,5.023,3.69,2.819,4.203,7.586,5.023,6.868,1.435,3.024,cation
5.949,2.776,4.703,5.326,7.762,4.249,1.02,7.139,6.572,10.765,3.286,5.156,4.249,3.343,4.646,7.479,4.589,7.082,1.586,2.323,cation
4.448,2.011,5.138,5.788,6.214,3.981,2.031,7.595,6.235,12.449,1.523,5.849,4.224,3.493,3.31,9.768,5.179,5.869,0.995,3.899,cation
5.789,2.456,6.491,4.737,6.316,5.877,2.544,6.404,4.474,10.614,3.246,4.298,4.386,4.474,4.912,6.579,5.614,6.053,1.228,3.509,cation
5.644,1.881,3.907,5.21,6.802,6.078,1.737,7.525,5.499,11.288,2.75,5.21,3.473,2.171,3.329,10.275,5.789,6.512,1.881,3.039,cation
5.882,2.167,6.502,6.192,4.334,4.334,2.477,3.715,7.74,11.765,2.786,4.644,6.192,4.954,4.334,4.954,3.096,8.359,0.929,4.644,electron
4.374,1.789,4.175,7.555,5.169,5.765,2.584,8.748,6.561,10.736,5.169,4.374,4.573,2.187,5.169,5.368,4.771,6.362,1.193,3.38,electron
10.185,1.852,3.704,5.556,3.704,12.963,2.778,4.63,13.889,7.407,1.852,4.63,4.63,2.778,2.778,0.926,6.481,4.63,0.926,3.704,electron
8.145,0.603,3.017,3.017,8.748,9.351,3.017,9.351,3.017,9.201,4.977,3.167,4.223,1.961,2.564,4.072,6.033,8.597,3.922,3.017,electron
8.537,4.878,9.756,14.634,6.098,3.659,1.22,7.317,2.439,3.659,6.098,1.22,8.537,2.439,1.22,3.659,3.659,4.878,0.0,6.098,electron
6.75,2.0,7.75,5.5,6.75,5.5,1.5,11.0,9.5,8.25,2.0,5.0,4.5,1.0,1.75,6.75,4.75,4.5,0.75,4.5,electron
8.403,0.84,2.521,1.681,6.723,10.084,4.202,9.244,2.521,15.126,5.042,1.681,6.723,0.84,3.361,3.361,2.521,10.084,3.361,1.681,electron
8.209,1.493,3.98,9.204,1.493,8.706,2.239,7.214,4.975,8.706,3.483,2.985,5.721,1.741,6.716,3.98,5.473,9.701,0.249,3.731,electron
5.31,1.327,2.212,1.327,7.965,8.85,2.212,7.965,1.327,12.832,5.31,1.77,3.54,3.982,6.637,6.637,5.752,6.637,3.54,4.867,electron
7.522,1.032,6.047,8.85,4.425,6.637,3.097,3.982,5.605,8.702,2.802,3.392,4.425,3.54,5.31,6.342,5.162,7.08,1.327,4.72,electron
9.639,3.012,5.422,9.036,3.012,6.627,5.422,7.831,4.217,6.627,2.41,3.012,6.024,6.024,4.819,3.012,4.819,5.422,0.602,3.012,electron
12.0,0.0,2.0,3.0,3.0,9.0,2.0,11.0,0.0,20.0,5.0,4.0,1.0,5.0,6.0,6.0,2.0,6.0,1.0,2.0,electron
7.492,3.018,7.804,6.348,4.162,5.515,3.642,4.683,6.556,8.221,1.977,3.33,2.914,3.018,6.66,7.388,5.099,7.284,1.977,2.914,nonTransporter
10.194,3.641,2.184,3.641,4.854,8.252,2.67,7.039,2.184,12.136,1.942,4.369,5.825,3.883,4.612,6.311,3.398,8.495,1.699,2.67,nonTransporter
7.521,0.836,5.571,3.621,5.85,5.85,4.457,5.292,5.292,10.585,2.228,3.621,5.014,1.393,5.85,6.407,6.128,5.292,2.786,6.407,nonTransporter
6.053,3.148,3.874,4.6,6.053,6.78,2.663,7.506,3.874,9.443,2.421,5.327,2.906,4.6,4.116,7.022,5.569,8.717,1.937,3.39,nonTransporter
8.929,0.446,2.679,8.482,3.125,5.804,1.786,7.589,8.929,8.036,2.679,4.911,3.125,2.232,5.804,8.482,6.25,4.911,2.679,3.125,nonTransporter
6.297,1.008,4.156,7.809,3.401,2.393,1.637,5.919,7.935,9.95,1.385,7.305,5.919,7.305,3.401,9.95,5.038,4.03,0.504,4.66,nonTransporter
4.632,1.053,6.105,5.684,3.579,3.789,1.895,9.053,9.474,9.053,1.895,5.895,5.474,3.158,3.579,8.842,6.316,5.684,0.842,4.0,nonTransporter
8.609,2.208,3.974,6.181,3.753,9.051,1.545,5.74,8.609,9.713,1.325,6.402,3.532,2.208,5.077,7.285,5.74,6.402,0.883,1.766,nonTransporter
3.403,1.134,4.915,6.238,4.726,5.104,1.89,6.994,8.129,10.208,1.512,4.726,5.482,5.671,2.647,13.043,6.427,4.726,0.945,2.079,nonTransporter
3.021,1.813,4.23,5.438,6.647,3.625,3.927,6.042,5.136,12.387,3.323,4.834,3.927,2.719,4.834,6.344,5.438,6.647,2.719,6.949,nonTransporter
9.524,2.619,3.81,6.667,5.238,7.857,3.095,1.667,3.095,6.19,3.571,4.048,7.619,2.619,6.905,5.476,6.905,9.286,0.476,3.333,nonTransporter
8.727,1.818,1.818,1.455,8.364,5.455,4.0,13.091,4.364,14.909,3.273,2.182,4.0,1.818,2.545,8.0,4.364,4.0,3.273,2.545,nonTransporter
6.151,1.19,6.151,5.357,5.952,5.952,2.183,6.349,6.944,10.714,3.571,4.167,4.96,2.579,5.556,7.143,4.167,7.143,1.587,2.183,nonTransporter
15.049,1.456,3.883,1.942,6.796,4.369,1.942,8.738,3.883,9.709,0.971,2.427,3.398,3.883,2.913,8.252,6.796,10.68,0.485,2.427,nonTransporter
10.274,4.11,4.11,7.192,2.055,4.795,2.397,3.425,3.425,14.041,3.082,0.342,5.822,5.479,7.534,6.849,6.164,5.137,1.027,2.74,nonTransporter
10.924,6.303,2.101,4.622,5.882,8.403,0.84,7.563,5.462,9.244,3.782,5.462,2.101,2.521,2.521,4.202,2.521,12.185,0.84,2.521,nonTransporter
5.31,4.72,5.9,5.9,5.31,3.835,1.77,5.015,3.245,9.735,2.95,3.54,7.08,5.605,4.13,8.26,7.67,5.015,1.77,3.245,nonTransporter
5.769,2.35,5.128,7.906,3.419,4.915,4.274,6.838,6.197,8.974,2.35,4.915,4.487,2.991,6.624,5.769,5.769,5.769,0.641,4.915,nonTransporter
5.746,2.32,4.641,8.84,2.541,2.873,2.762,6.519,7.403,16.022,1.768,4.199,2.431,6.188,4.088,8.287,6.409,5.304,0.221,1.436,nonTransporter
4.202,5.882,4.202,6.303,4.202,6.723,1.261,6.723,7.143,8.824,2.101,2.101,2.521,7.143,2.521,13.025,3.361,4.202,4.202,3.361,nonTransporter
12.595,2.672,4.962,6.107,1.908,6.87,0.763,2.29,3.053,17.939,1.527,1.527,6.87,4.58,9.542,3.817,3.817,5.725,1.527,1.908,nonTransporter
4.462,2.625,2.625,8.136,8.661,2.625,0.787,5.249,8.924,12.861,3.15,4.987,3.15,3.15,3.675,8.661,2.362,6.299,3.937,3.675,nonTransporter
6.944,2.183,4.563,5.952,5.754,5.357,3.373,6.548,6.548,12.5,3.175,5.159,4.762,3.175,4.96,5.556,6.151,2.579,1.19,3.571,nonTransporter
6.55,2.009,6.376,4.454,5.066,7.074,2.096,5.764,4.803,8.821,3.231,4.367,6.376,2.533,6.288,7.773,4.891,6.376,2.271,2.882,nonTransporter
3.625,1.635,4.691,4.833,6.112,5.117,2.914,8.387,7.534,8.955,1.99,12.509,2.63,2.985,2.416,8.742,5.33,5.402,0.711,3.483,nonTransporter
4.692,1.466,2.639,1.76,5.865,9.384,1.173,7.331,1.76,8.504,2.639,6.158,5.572,3.812,6.158,8.798,9.677,4.985,2.639,4.985,nonTransporter
6.417,0.891,4.991,8.556,4.456,7.308,2.139,5.348,8.2,8.021,3.209,2.852,4.278,3.387,5.704,3.743,3.922,7.487,2.674,6.417,nonTransporter
5.686,1.365,5.61,5.383,6.672,4.549,2.199,8.264,4.852,10.614,2.881,5.686,4.852,3.108,4.625,6.899,4.473,6.444,1.365,4.473,nonTransporter
7.883,0.309,6.028,9.892,3.4,4.482,1.546,5.873,10.355,9.119,3.864,5.1,3.709,3.555,4.173,7.728,4.328,4.791,0.773,3.091,nonTransporter
10.082,0.0,8.642,7.202,1.235,6.996,4.733,3.704,9.671,2.263,1.029,11.523,2.469,8.848,3.292,9.053,4.938,3.086,0.0,1.235,nonTransporter
7.115,0.791,5.138,3.557,3.953,7.115,1.581,7.115,5.138,11.067,5.929,5.534,5.138,8.696,1.581,5.534,3.953,5.929,2.767,2.372,nonTransporter
5.485,2.11,5.485,8.861,5.907,8.017,3.376,1.266,1.688,11.814,0.844,2.954,5.485,2.954,7.595,10.127,3.376,8.439,1.266,2.954,nonTransporter
5.898,1.743,5.496,4.155,5.496,4.692,3.351,5.094,6.166,9.92,2.011,4.155,5.362,4.826,6.032,8.311,4.558,5.63,2.279,4.826,nonTransporter
7.643,5.732,3.822,5.096,4.777,5.414,2.548,7.325,2.866,11.783,2.229,2.866,4.777,4.14,5.414,9.236,4.777,4.777,1.592,3.185,nonTransporter
14.414,1.622,5.766,5.045,2.342,7.748,1.982,5.766,3.243,11.712,2.703,3.604,4.324,4.865,4.324,6.847,5.045,6.667,0.901,1.081,nonTransporter
5.154,1.457,3.922,5.77,8.627,4.986,2.129,7.395,5.602,11.541,2.409,4.482,4.202,3.417,4.594,7.451,5.378,4.762,2.185,4.538,nonTransporter
5.482,3.156,4.236,7.06,2.907,7.558,2.492,4.734,4.568,7.89,1.993,3.073,8.804,4.07,4.485,8.97,6.977,5.897,1.08,4.568,nonTransporter
9.032,0.645,4.516,5.806,4.516,9.677,1.935,5.806,7.097,7.097,1.935,4.516,3.226,5.161,4.516,6.452,3.871,8.387,2.581,3.226,nonTransporter
7.871,0.894,5.903,5.903,5.546,4.472,3.041,4.83,8.229,10.733,2.862,6.082,4.114,2.862,5.009,6.082,4.114,5.546,1.61,4.293,nonTransporter
5.909,2.727,4.773,6.364,5.682,5.909,4.318,4.545,6.818,9.545,2.955,3.409,4.091,3.864,3.864,5.455,5.682,7.5,2.273,4.318,nonTransporter
3.663,1.465,3.663,1.465,9.89,5.128,2.198,10.623,3.663,13.553,2.564,7.326,3.663,4.762,4.029,9.158,2.564,2.564,1.832,6.227,nonTransporter
3.571,1.429,7.857,4.286,3.571,4.286,0.714,9.286,3.571,14.286,5.0,2.143,4.286,3.571,1.429,7.857,10.0,3.571,2.857,6.429,nonTransporter
6.241,3.566,3.566,6.538,2.972,6.686,4.903,1.783,4.309,12.481,1.486,1.932,7.578,4.458,7.132,10.401,4.309,5.944,1.337,2.377,nonTransporter
4.144,1.105,3.039,6.906,8.011,3.867,2.21,6.63,5.801,12.155,3.039,3.867,3.867,4.696,6.077,4.42,5.249,7.459,2.486,4.972,nonTransporter
9.88,0.0,7.784,8.084,4.192,5.389,0.599,6.886,5.988,6.587,2.994,2.994,2.994,2.395,9.581,6.287,5.689,8.383,0.299,2.994,nonTransporter
6.78,0.847,5.65,11.582,3.39,3.107,1.695,5.367,9.887,7.627,1.13,5.367,1.977,6.215,6.215,9.04,7.345,4.237,1.13,1.412,nonTransporter
7.532,0.0,8.173,9.615,4.167,4.808,2.244,4.968,7.372,10.577,2.083,3.045,2.564,3.846,5.929,7.051,5.449,6.09,1.603,2.885,nonTransporter
5.617,2.513,5.617,5.987,4.213,5.987,3.4,4.952,8.056,9.534,1.922,4.065,4.508,3.695,3.769,10.273,4.878,7.465,1.035,2.513,nonTransporter
8.071,1.094,6.156,6.703,4.378,5.472,1.505,4.514,6.703,13.817,3.42,4.651,3.42,3.42,5.472,8.208,4.925,3.557,1.094,3.42,nonTransporter
3.822,1.911,4.459,3.185,6.369,4.459,3.185,8.917,3.822,13.376,2.548,3.822,1.911,3.185,7.006,11.465,6.369,4.459,0.0,5.732,nonTransporter
3.311,1.325,4.636,9.934,2.649,5.298,2.649,5.96,8.609,10.596,3.311,4.636,5.96,1.325,4.636,7.947,8.609,4.636,1.325,2.649,nonTransporter
4.724,1.575,5.512,8.53,4.199,6.562,2.1,5.643,9.055,10.499,1.837,4.593,4.068,4.199,6.168,5.774,4.856,5.643,1.181,3.281,nonTransporter
4.753,1.22,5.459,5.074,4.817,4.432,2.184,6.037,6.166,10.662,2.184,5.78,4.881,7.193,4.56,9.184,5.588,5.331,1.606,2.89,nonTransporter
9.023,3.258,4.261,4.762,4.261,8.02,3.008,4.511,5.514,11.779,2.256,4.01,5.013,4.762,4.01,3.759,4.01,4.261,1.253,8.271,nonTransporter
7.368,0.0,5.263,4.737,4.211,6.316,1.579,8.947,5.789,10.0,3.158,3.158,3.158,3.158,2.632,7.895,10.0,9.474,0.0,3.158,nonTransporter
8.789,0.586,2.93,3.32,5.664,7.812,0.391,6.836,2.734,13.867,2.539,3.906,7.031,4.492,5.469,5.469,6.055,5.664,3.125,3.32,nonTransporter
5.758,0.606,5.758,14.242,0.909,6.364,2.121,3.03,6.97,6.97,0.909,1.212,6.364,7.879,5.455,12.424,6.97,3.333,1.515,1.212,nonTransporter
5.464,1.396,5.95,7.286,3.643,6.254,2.064,3.764,5.404,10.14,2.489,3.582,6.193,4.25,6.011,10.868,4.979,6.8,0.85,2.611,nonTransporter
9.881,0.869,3.692,6.84,2.172,4.017,1.086,3.909,9.555,7.6,1.629,5.212,8.686,5.32,7.383,8.36,6.84,4.886,0.651,1.412,nonTransporter
14.105,0.0,5.063,5.967,2.17,4.882,1.447,5.606,3.255,9.042,3.255,4.34,2.17,7.052,5.787,9.042,6.51,7.414,0.723,2.17,nonTransporter
5.882,2.715,6.335,4.299,4.977,4.977,3.167,4.299,6.335,11.312,1.357,3.62,5.882,4.072,6.335,6.109,4.299,7.014,2.941,4.072,nonTransporter
4.225,0.704,4.695,8.685,7.042,4.46,2.113,6.338,6.808,10.563,1.878,6.103,4.695,3.756,3.991,11.268,4.695,4.225,1.174,2.582,nonTransporter
10.714,1.531,3.061,1.531,6.122,7.653,1.531,2.551,4.082,12.245,1.531,3.061,4.592,5.612,6.122,5.612,6.633,7.143,4.592,4.082,nonTransporter
5.0,2.083,2.5,2.917,4.167,6.667,2.083,5.833,3.333,13.333,2.917,2.5,5.0,5.417,1.25,15.417,7.5,5.833,1.25,5.0,nonTransporter
5.226,2.613,5.226,6.176,2.85,4.988,3.563,3.8,2.85,15.677,4.038,2.138,6.413,4.751,9.026,6.888,5.226,3.563,1.425,3.563,nonTransporter
5.641,1.026,5.128,7.692,5.128,5.641,3.077,6.154,2.564,9.231,3.077,1.538,6.154,3.077,3.077,4.615,8.718,10.256,2.564,5.641,nonTransporter
5.372,2.066,5.785,3.719,3.719,5.785,5.372,8.264,5.372,10.331,1.24,3.306,3.719,2.066,4.132,10.331,5.785,5.785,1.653,6.198,nonTransporter
3.684,1.579,10.0,6.316,7.895,5.789,0.526,4.737,10.0,9.474,3.158,4.737,3.158,5.263,3.158,7.368,2.632,5.263,1.053,4.211,nonTransporter
4.721,3.863,3.433,6.009,1.717,4.292,3.863,8.584,7.296,9.442,1.717,7.725,4.292,4.721,3.863,10.73,4.721,4.292,1.717,3.004,nonTransporter
5.729,3.125,5.208,2.604,8.073,2.083,2.865,8.594,4.427,11.458,3.646,7.812,3.125,3.385,3.906,6.51,5.208,7.552,1.302,3.385,nonTransporter
5.063,0.596,4.705,5.063,4.229,5.658,2.978,6.254,5.599,10.066,2.204,5.956,4.646,3.574,4.407,12.091,7.088,5.479,0.953,3.395,nonTransporter
8.059,3.297,3.663,6.96,3.297,4.762,1.832,4.029,7.326,12.088,2.564,4.762,3.663,8.425,3.297,8.791,4.029,3.663,2.93,2.564,nonTransporter
7.368,2.895,3.158,3.947,7.368,5.526,1.579,7.368,3.684,8.421,4.211,4.474,5.526,3.684,3.684,8.158,6.842,5.526,2.368,4.211,nonTransporter
10.423,2.817,2.254,4.225,6.197,5.352,1.972,8.451,3.662,6.761,2.254,4.225,5.07,2.254,3.099,7.606,6.197,9.014,4.507,3.662,nonTransporter
8.163,0.0,6.122,5.102,2.041,3.061,1.02,5.102,3.061,11.224,5.102,4.082,8.163,8.163,5.102,6.122,8.163,9.184,0.0,1.02,nonTransporter
3.55,2.663,2.367,2.663,7.988,2.663,1.479,11.243,7.101,11.243,2.071,4.142,3.846,3.55,3.254,10.355,5.03,8.58,1.775,4.438,nonTransporter
5.892,0.996,5.809,7.884,2.739,9.378,2.656,3.485,7.552,8.631,1.826,3.568,8.963,4.066,6.805,7.718,4.149,5.311,0.249,2.324,nonTransporter
12.147,1.13,5.085,3.39,7.345,10.452,3.955,6.497,2.26,9.322,2.542,4.802,3.39,2.542,3.672,5.932,3.672,5.085,2.825,3.955,nonTransporter
7.538,1.005,2.01,3.518,7.538,7.035,2.01,3.518,2.513,16.08,3.015,2.513,4.523,1.508,5.025,8.04,7.035,7.538,3.015,5.025,nonTransporter
4.762,0.433,4.762,4.978,4.545,3.68,1.732,6.71,5.411,10.39,2.381,5.411,4.113,1.732,6.494,10.39,8.225,7.576,2.597,3.68,nonTransporter
8.362,0.0,4.181,7.317,2.787,7.317,1.394,9.059,6.62,9.756,1.394,3.833,3.136,6.272,5.226,8.711,4.53,7.666,0.348,2.091,nonTransporter
10.991,0.36,4.505,6.306,3.784,4.144,2.342,4.324,4.505,12.613,2.703,2.342,5.946,3.604,5.045,8.649,4.144,8.468,1.441,3.784,nonTransporter
7.552,3.125,3.646,3.385,7.292,3.646,1.562,7.292,4.948,9.896,3.646,4.427,3.906,2.865,4.948,5.729,6.771,8.854,1.562,4.948,nonTransporter
8.302,0.62,4.709,6.072,3.346,5.576,2.974,5.576,3.47,12.887,3.346,4.337,5.7,3.594,7.807,5.824,5.081,5.948,0.991,3.841,nonTransporter
5.714,1.818,6.234,10.779,2.987,7.013,2.078,4.286,8.312,5.974,2.597,4.026,4.416,2.727,4.545,8.571,5.844,6.234,3.117,2.727,nonTransporter
12.039,0.0,7.384,6.581,3.21,7.063,0.642,5.778,7.384,8.828,2.568,5.136,2.889,8.668,3.531,5.136,4.013,6.26,0.321,2.568,nonTransporter
4.577,0.352,5.282,8.099,4.93,2.113,1.761,7.042,9.155,12.676,0.704,6.69,4.225,2.817,3.521,13.028,5.986,4.93,0.352,1.761,nonTransporter
6.154,0.659,5.495,7.033,4.396,4.396,1.978,5.934,7.253,12.088,1.099,6.813,4.176,6.593,5.714,3.077,3.956,6.813,1.319,5.055,nonTransporter
4.024,0.894,7.004,7.004,5.365,4.769,1.937,5.812,7.004,11.028,1.192,5.365,4.024,4.322,4.62,8.346,5.067,6.557,1.49,4.173,nonTransporter
5.668,0.0,4.858,8.097,4.453,4.049,0.405,7.692,6.478,8.097,0.405,6.883,6.073,2.834,8.097,7.287,5.668,6.073,1.619,5.263,nonTransporter
8.529,0.865,5.315,2.843,4.326,10.26,1.236,5.192,5.81,7.417,4.079,4.326,6.551,3.832,3.708,5.192,7.54,7.169,2.349,3.461,nonTransporter
4.427,1.374,3.969,15.573,2.443,3.511,2.443,6.107,10.84,9.771,1.832,2.443,5.802,5.649,6.107,6.412,4.427,4.427,0.611,1.832,nonTransporter
8.756,5.069,4.147,9.677,2.765,1.843,2.765,2.304,3.687,7.834,2.765,2.304,8.295,5.53,6.912,12.903,3.687,3.687,2.304,2.765,nonTransporter
4.23,0.604,6.495,6.798,4.834,4.079,2.568,6.042,5.438,8.308,2.115,6.798,5.74,3.625,7.553,10.574,5.438,4.834,0.604,3.323,nonTransporter
3.675,0.262,12.336,9.449,3.15,5.249,1.312,5.774,11.024,3.675,2.625,8.136,3.15,4.462,3.937,8.399,6.037,3.675,0.525,3.15,nonTransporter
3.435,3.567,3.435,4.359,6.341,4.756,2.378,8.454,5.284,12.55,2.642,6.209,4.888,3.963,3.567,7.794,4.756,5.548,1.585,4.491,nonTransporter
5.116,1.155,5.446,5.941,5.776,4.785,1.98,4.125,5.446,11.716,2.475,5.116,4.785,6.106,7.096,6.931,5.116,5.446,0.825,4.62,nonTransporter
5.504,1.765,5.4,5.504,4.05,5.4,1.973,3.842,6.542,11.111,1.661,4.777,6.334,4.361,4.569,9.242,6.023,7.788,1.558,2.596,nonTransporter
6.699,2.153,4.785,5.981,5.263,4.545,2.871,3.589,7.895,11.244,2.632,2.632,5.981,4.306,5.742,5.502,5.502,7.416,1.435,3.828,nonTransporter
5.902,0.574,5.246,5.984,3.934,5.984,1.639,6.393,6.475,10.082,1.967,6.557,4.016,3.115,4.672,10.984,7.705,5.902,0.41,2.459,nonTransporter
13.253,0.0,5.12,12.651,2.711,6.627,0.301,3.313,13.253,6.928,0.904,2.711,2.41,5.12,0.904,8.133,7.229,5.12,1.205,2.108,nonTransporter
11.003,0.324,6.796,4.207,4.207,8.252,0.971,5.178,5.502,8.576,2.589,4.207,3.722,3.883,4.531,7.767,5.502,7.767,1.78,3.236,nonTransporter
9.153,1.017,7.458,9.831,2.373,2.373,1.695,7.458,6.78,7.119,2.034,8.814,1.695,9.153,4.746,4.746,3.39,7.119,0.0,3.051,nonTransporter
13.031,0.567,3.966,7.365,1.133,5.666,0.85,5.382,4.816,9.348,2.266,3.683,3.966,5.949,7.649,7.649,4.533,9.348,0.567,2.266,nonTransporter
9.756,1.626,2.439,6.504,2.439,4.878,3.252,3.252,1.626,21.138,2.439,0.813,5.691,9.756,3.252,8.13,5.691,4.065,3.252,0.0,nonTransporter
4.221,1.948,1.948,1.299,8.766,3.571,2.922,6.494,2.273,17.532,3.247,4.221,2.922,3.247,5.844,10.39,4.87,7.143,4.221,2.922,nonTransporter
8.933,0.744,6.7,5.707,4.715,4.467,3.226,4.467,4.218,12.903,2.978,2.73,5.955,5.707,7.196,4.715,4.218,6.948,1.241,2.233,nonTransporter
5.059,1.399,3.767,4.844,3.445,4.198,3.337,6.136,6.136,16.254,1.507,3.983,4.09,6.351,5.382,8.611,5.274,6.351,1.615,2.26,nonTransporter
10.286,1.143,3.714,4.0,4.286,6.857,2.0,3.143,2.857,18.0,2.0,1.429,5.714,3.429,4.857,6.286,5.143,10.571,1.714,2.571,nonTransporter
9.901,1.98,2.97,1.485,6.436,10.396,2.475,0.99,2.475,14.851,1.98,1.485,7.426,3.465,8.911,3.96,5.941,9.406,1.98,1.485,nonTransporter
6.918,1.677,5.451,7.338,3.354,4.822,3.564,6.08,8.176,9.434,1.468,4.193,2.725,6.08,6.08,9.434,5.451,5.451,0.21,2.096,nonTransporter
7.611,2.748,3.594,3.383,5.285,6.554,1.268,6.765,2.748,10.571,2.748,4.863,2.748,2.96,2.537,9.937,8.245,8.034,2.748,4.651,nonTransporter
6.306,1.253,5.053,6.467,3.719,4.002,2.627,7.478,6.589,12.773,2.344,5.416,4.082,4.446,4.85,7.922,4.81,5.497,1.374,2.991,nonTransporter
3.356,2.013,6.04,7.383,9.396,1.342,1.342,9.396,6.04,8.725,4.698,5.369,3.356,3.356,7.383,4.698,4.027,7.383,0.0,4.698,nonTransporter
6.939,4.49,3.265,4.49,6.939,6.122,1.224,8.163,6.122,9.388,2.041,5.306,2.041,2.449,3.265,5.714,7.347,8.571,1.633,4.49,nonTransporter
9.626,2.139,5.08,7.754,4.278,3.476,1.872,5.615,9.893,10.428,2.674,4.011,1.337,4.813,4.011,7.219,5.615,7.487,1.07,1.604,nonTransporter
6.95,4.247,3.282,6.757,3.668,6.757,3.861,2.703,2.124,13.514,2.124,3.089,7.529,6.564,6.371,7.336,4.44,5.212,1.931,1.544,nonTransporter
7.486,0.768,4.607,7.102,4.798,4.415,3.263,3.263,5.374,12.092,1.727,2.303,4.031,3.839,8.445,8.253,4.99,8.253,1.344,3.647,nonTransporter
4.724,1.575,4.134,6.693,4.134,6.299,2.362,5.118,9.055,10.236,1.575,5.118,5.709,5.512,3.937,7.283,4.528,5.315,1.575,5.118,nonTransporter
7.237,0.658,8.553,5.263,2.632,8.553,2.632,8.553,4.605,7.237,3.289,0.658,5.921,3.289,6.579,4.605,3.947,10.526,2.632,2.632,nonTransporter
7.112,0.996,4.41,4.125,6.543,8.25,1.28,7.255,3.272,10.1,3.129,2.987,3.698,3.272,6.259,8.108,7.397,6.401,1.422,3.983,other
7.031,0.748,5.236,5.46,4.188,6.956,2.393,5.161,4.787,13.762,2.244,2.767,2.917,4.114,7.105,9.05,5.759,6.358,1.197,2.767,other
7.436,1.643,4.355,5.752,4.684,6.574,2.383,4.355,4.067,12.161,2.547,3.78,5.834,4.519,4.848,7.888,5.423,7.025,1.561,3.164,other
5.946,1.898,4.364,6.325,6.578,5.44,2.024,6.135,6.388,12.903,2.846,3.795,3.985,3.732,4.048,7.906,4.934,6.325,1.265,3.163,other
6.581,1.605,5.457,8.989,2.729,5.778,4.013,5.136,8.668,11.717,3.852,3.692,4.334,4.013,5.457,4.173,5.136,4.976,1.124,2.568,other
10.734,1.13,8.757,9.04,2.26,7.627,1.412,4.52,5.085,8.757,1.412,3.39,4.237,4.237,3.955,8.757,4.237,6.215,2.26,1.977,other
8.974,0.0,7.692,17.949,2.564,5.128,1.282,8.974,5.128,6.41,2.564,3.846,1.282,5.128,1.282,3.846,7.692,8.974,0.0,1.282,other
7.622,0.305,2.439,3.659,6.098,6.098,1.524,6.098,7.317,12.195,2.439,4.573,2.744,4.878,3.354,9.451,7.622,7.317,0.915,3.354,other
12.83,1.132,1.132,4.151,6.415,8.679,1.132,6.415,2.642,13.585,1.887,4.151,4.906,3.019,3.774,6.415,5.66,8.302,1.509,2.264,other
13.19,2.454,1.534,1.84,2.761,10.123,0.92,6.748,0.307,21.166,3.374,1.84,3.988,3.988,5.828,4.601,3.374,7.055,4.294,0.613,other
5.392,0.49,6.618,6.863,4.167,3.186,4.412,7.108,8.088,9.804,1.471,5.637,4.902,5.147,3.431,6.618,5.882,4.657,2.451,3.676,other
6.36,3.534,2.473,4.947,4.947,6.007,3.887,6.007,4.24,10.954,2.473,3.18,4.24,2.473,6.714,8.127,4.24,9.894,2.12,3.18,other
9.796,1.497,3.81,4.354,5.306,7.483,1.224,7.755,4.354,10.34,3.537,3.129,3.673,2.721,2.313,7.211,6.667,8.027,1.633,5.17,other
1.575,0.787,3.937,10.236,4.724,9.449,1.575,7.087,13.386,4.724,5.512,4.724,1.575,3.15,1.575,4.724,9.449,9.449,0.0,2.362,other
9.967,0.332,7.309,6.312,4.319,9.635,2.658,3.987,3.654,10.631,2.326,1.993,4.319,1.993,8.638,4.319,6.645,7.641,0.664,2.658,other
7.48,1.789,2.764,3.74,6.341,6.179,1.301,8.13,4.878,10.569,2.927,3.74,3.089,2.602,3.74,10.569,6.504,6.341,2.276,5.041,other
5.414,1.433,8.439,7.006,5.255,5.732,7.166,5.255,6.21,8.121,2.07,4.618,5.096,1.911,4.936,5.573,3.662,6.369,1.274,4.459,other
5.263,3.324,4.432,4.155,4.986,5.263,2.493,7.479,5.54,11.634,3.324,4.709,4.155,2.77,4.432,3.878,5.54,8.033,2.77,5.817,other
6.283,0.0,6.806,4.712,1.571,3.141,1.571,5.236,6.283,9.424,2.618,6.806,3.141,5.236,4.712,6.806,9.424,9.948,1.571,4.712,other
5.758,2.687,4.415,4.415,7.678,8.445,1.919,7.869,3.647,9.021,1.919,3.071,3.071,1.727,3.071,9.981,7.486,7.678,1.727,4.415,other
9.091,0.0,0.826,4.959,4.959,9.917,0.826,11.57,5.785,16.529,4.132,1.653,0.826,0.0,1.653,8.264,5.785,7.438,2.479,3.306,other
12.167,1.141,0.76,3.422,6.844,9.886,2.281,3.422,1.141,14.449,1.901,3.042,4.943,3.042,4.943,7.224,4.943,9.506,1.901,3.042,other
8.247,0.344,5.155,4.811,3.952,6.529,1.546,8.076,3.952,10.309,4.467,3.608,2.234,4.296,6.529,8.591,6.186,8.076,0.859,2.234,other
10.39,0.0,5.195,9.091,4.545,8.442,8.442,3.896,11.688,11.039,2.597,2.597,1.948,2.597,1.299,3.896,3.896,5.844,1.299,1.299,other
13.77,1.311,1.967,4.59,4.59,9.18,1.967,6.557,3.607,8.852,2.295,3.607,7.541,0.984,3.607,5.902,8.525,8.197,0.984,1.967,other
10.769,0.342,2.222,3.419,5.47,13.162,0.684,2.051,4.786,9.744,1.368,3.761,5.128,6.154,2.222,12.479,11.966,3.248,0.171,0.855,other
8.235,4.412,2.941,3.529,5.0,4.706,1.471,7.059,5.0,15.588,3.529,2.059,6.176,2.647,3.824,6.765,6.765,5.588,1.176,3.529,other
6.286,1.143,8.286,6.571,4.857,4.571,2.286,4.857,9.429,10.286,2.857,4.857,6.571,2.857,5.143,2.857,4.571,5.714,2.0,4.0,other
9.219,0.781,3.438,3.594,5.469,8.281,1.719,6.406,3.438,9.844,4.062,5.312,6.094,3.125,4.062,9.375,5.312,6.25,1.562,2.656,other
4.797,1.476,6.642,9.963,2.952,5.166,2.952,4.428,10.701,7.749,2.952,4.059,4.428,4.797,4.059,2.583,4.797,7.749,2.952,4.797,other
6.542,1.869,6.075,7.477,3.271,6.542,0.467,4.206,7.477,9.346,3.271,3.271,3.738,6.075,5.14,6.542,2.804,6.075,2.804,7.009,other
8.526,2.131,3.197,3.73,5.861,6.75,1.776,7.638,5.329,11.368,1.776,4.44,2.664,2.309,4.618,10.124,6.927,6.75,1.421,2.664,other
7.889,3.625,2.132,3.412,5.757,7.036,2.559,3.198,0.426,17.697,3.412,2.772,6.397,2.345,2.772,8.529,5.33,10.235,1.919,2.559,other
7.196,1.845,2.03,4.428,5.904,7.934,1.661,6.458,3.69,13.653,2.768,3.321,6.458,3.137,4.613,7.934,6.089,6.089,2.214,2.583,other
7.154,2.488,5.132,5.132,5.288,8.398,1.866,4.666,4.821,11.82,1.866,3.266,4.821,3.577,6.998,5.443,4.977,7.154,1.244,3.888,other
9.138,1.207,3.448,3.448,6.034,8.621,0.69,8.103,3.276,11.724,2.759,3.103,4.31,2.931,2.241,8.103,5.69,7.759,2.069,5.345,other
7.958,1.952,3.754,4.204,5.856,7.057,1.952,5.255,2.553,11.411,3.453,3.904,4.204,5.105,5.405,7.958,6.006,6.456,1.652,3.904,other
8.227,1.28,4.022,4.205,5.119,6.216,1.28,7.13,4.753,9.689,3.108,6.581,4.57,2.742,4.57,8.958,4.57,6.033,1.828,5.119,other
16.4,0.8,2.8,1.6,6.8,14.4,2.0,7.2,1.6,10.0,1.6,2.0,4.0,0.8,0.8,7.6,5.2,10.0,1.2,3.2,other
10.068,2.048,3.072,4.437,6.826,8.191,1.877,7.338,3.584,9.898,3.584,3.242,5.631,1.365,3.413,5.973,5.631,7.85,1.536,4.437,other
6.396,0.609,5.482,6.904,2.843,6.497,2.741,2.335,5.482,10.254,2.03,2.437,9.34,5.584,7.31,11.878,4.264,5.888,0.508,1.218,protein
7.996,1.706,4.797,5.97,4.264,4.904,1.706,5.864,5.65,11.727,1.599,5.117,5.117,4.797,4.691,7.569,5.864,7.463,0.533,2.665,protein
7.064,1.104,5.74,10.155,2.649,5.077,0.883,1.766,6.623,13.687,1.766,2.87,5.077,5.519,6.843,8.609,3.753,7.947,1.545,1.325,protein
8.584,0.858,4.721,6.009,3.004,8.584,3.004,3.433,4.721,15.451,3.863,5.579,3.433,4.721,6.438,7.296,3.863,5.579,0.0,0.858,protein
10.207,0.0,5.954,5.711,7.533,7.898,0.365,1.823,10.936,3.767,0.243,10.936,5.103,3.524,0.365,14.581,8.505,1.823,0.243,0.486,protein
7.242,2.855,4.666,7.103,3.412,5.084,2.646,5.223,3.552,13.579,2.507,3.76,4.387,5.292,4.944,6.964,5.084,6.407,1.462,3.83,protein
4.151,0.999,5.227,6.764,4.381,2.69,2.383,6.38,8.993,9.992,1.998,7.148,4.612,5.457,4.612,10.3,5.995,4.074,0.538,3.305,protein
10.059,2.071,3.846,4.142,8.876,5.03,2.071,4.142,4.142,7.396,2.959,5.917,7.101,5.03,3.846,6.805,5.03,6.805,2.071,2.663,protein
10.363,1.554,4.145,8.808,3.109,4.145,1.036,5.699,6.736,16.58,3.109,6.218,3.627,4.663,4.663,4.145,5.699,3.627,1.036,1.036,protein
9.255,0.451,1.58,3.16,7.223,9.707,0.903,10.158,3.837,10.835,3.612,2.257,4.515,4.74,4.74,5.192,5.643,7.901,0.903,3.386,protein
8.527,1.55,2.713,5.814,8.527,4.264,1.163,7.364,3.101,12.791,3.488,1.938,6.202,2.326,3.488,6.589,4.651,10.853,0.775,3.876,protein
7.368,4.211,6.316,5.263,3.158,11.579,0.0,4.211,6.316,6.316,7.368,5.263,2.105,6.316,7.368,7.368,2.105,4.211,1.053,2.105,protein
11.594,0.966,3.382,4.831,5.797,13.043,0.483,4.831,5.314,5.797,5.314,3.865,5.314,4.831,2.415,6.28,6.763,4.831,0.0,4.348,protein
3.448,4.598,4.598,9.195,6.897,4.598,1.149,1.149,10.345,8.046,4.598,5.747,0.0,11.494,5.747,5.747,5.747,5.747,0.0,1.149,protein
12.329,1.826,2.055,1.598,7.991,7.534,1.598,9.132,2.511,11.872,2.74,3.425,3.881,4.795,2.74,7.534,5.708,5.708,1.37,3.653,sugar
7.361,2.693,3.052,5.386,5.745,8.259,1.077,8.438,3.591,6.822,2.693,4.488,3.95,2.873,4.488,9.156,6.822,6.643,1.975,4.488,sugar
8.588,1.145,2.29,4.58,8.015,8.397,1.336,8.779,4.198,10.687,3.244,2.672,4.008,3.244,3.053,8.206,5.153,7.824,1.336,3.244,sugar
8.148,1.667,2.407,4.259,5.741,9.63,1.296,7.593,3.704,12.778,1.481,2.778,5.926,2.963,4.815,6.852,5.556,7.778,1.481,3.148,sugar
8.393,1.918,1.439,2.638,13.429,8.633,0.959,7.914,2.878,12.95,3.357,3.837,2.878,2.638,2.878,6.954,4.556,6.954,1.439,3.357,sugar
7.547,0.809,4.582,7.008,2.965,7.547,2.695,5.66,4.043,10.782,2.965,3.504,5.391,5.93,6.469,4.582,3.774,11.59,0.539,1.617,sugar
7.418,1.78,2.374,2.671,7.418,8.605,0.593,9.199,5.341,15.43,2.374,4.451,4.154,2.671,1.484,7.418,5.638,6.231,0.297,4.451,sugar
6.448,0.792,5.317,4.751,5.43,7.24,1.584,7.466,3.846,7.805,2.262,6.448,3.959,3.62,3.846,11.425,7.24,6.561,0.792,3.167,sugar
7.854,1.341,2.49,3.64,7.663,9.962,1.341,7.854,3.64,9.579,3.448,2.682,4.215,3.448,4.215,6.513,5.364,9.004,2.299,3.448,sugar
9.608,1.569,2.549,2.549,5.294,10.196,1.569,9.216,2.157,10.0,1.961,3.137,5.49,2.353,5.098,8.235,5.294,8.627,2.549,2.549,sugar
6.431,0.883,5.296,5.549,5.422,6.557,1.892,6.683,5.675,10.719,2.9,2.774,4.414,3.405,5.675,9.962,5.927,6.683,1.261,1.892,sugar
10.753,1.72,2.151,2.796,7.097,9.247,1.075,12.258,3.011,8.817,5.591,2.581,2.366,3.441,2.151,5.806,6.022,7.527,2.581,3.011,sugar
7.901,1.354,2.483,2.709,8.126,7.449,1.129,8.804,4.289,13.093,3.612,3.612,3.386,1.354,2.709,8.578,6.546,7.449,2.032,3.386,amino
6.587,1.397,1.597,4.192,6.786,7.585,1.198,9.98,4.192,12.375,2.794,2.794,5.389,1.996,3.992,6.986,6.188,8.982,1.397,3.593,amino
7.735,0.552,3.131,5.893,4.42,7.735,0.737,8.84,5.157,10.866,4.972,4.42,3.683,2.947,4.42,4.972,6.814,9.761,0.552,2.394,amino
6.792,2.264,1.132,3.585,6.792,9.623,1.698,6.981,2.264,11.698,2.642,3.019,7.17,2.264,3.774,8.113,5.66,9.434,2.075,3.019,amino
8.66,0.412,1.031,1.856,7.835,10.103,0.412,11.34,5.979,11.959,3.299,3.505,3.918,2.062,1.443,7.835,6.392,6.392,2.268,3.299,amino
7.047,2.349,4.195,4.698,7.047,6.544,1.846,8.725,4.698,9.564,1.846,4.195,4.362,2.349,4.027,7.55,4.866,7.047,1.846,5.201,amino
7.803,1.301,2.746,4.335,5.347,7.225,2.601,6.647,4.48,10.983,1.59,5.925,5.202,2.601,3.613,11.272,5.636,6.214,1.156,3.324,amino
12.984,1.139,2.278,1.367,5.923,9.112,1.367,7.289,1.139,13.895,2.278,2.05,4.556,2.506,3.189,7.289,6.378,10.706,1.822,2.733,amino
7.375,0.295,4.13,2.95,3.835,9.145,2.655,9.44,1.77,13.274,5.9,1.77,5.015,2.36,5.9,3.54,5.605,10.619,2.655,1.77,amino
8.145,1.961,3.922,5.279,5.732,7.994,1.508,7.541,5.43,8.597,2.866,4.374,3.62,3.167,4.072,8.296,4.072,7.541,1.961,3.922,amino
8.969,1.345,2.691,3.139,7.175,7.848,2.466,6.726,5.381,8.969,3.812,2.691,4.709,2.915,2.018,5.83,4.933,10.314,2.915,5.157,amino
6.044,1.648,2.381,3.48,9.341,7.326,1.465,8.608,5.128,11.172,2.381,2.93,4.396,1.648,2.381,9.524,4.945,9.707,1.832,3.663,amino
9.247,2.055,2.74,4.795,6.507,9.247,1.37,7.877,8.219,9.589,0.685,3.425,3.082,3.767,2.74,7.877,6.507,7.192,1.37,1.712,amino
7.488,1.997,4.326,5.657,8.486,5.99,1.331,8.985,5.657,7.155,2.995,4.16,5.657,2.829,2.163,7.321,5.324,5.491,2.163,4.825,amino
2.581,1.613,4.839,6.452,7.097,3.548,2.258,7.742,9.032,10.968,4.516,8.71,1.935,3.871,3.226,10.323,3.548,5.161,0.968,1.613,anion
9.645,1.861,2.707,3.384,5.245,6.768,1.861,3.384,2.2,13.875,1.354,2.03,6.768,4.907,5.922,8.968,4.738,8.799,1.523,4.061,anion
10.801,3.31,3.31,3.659,5.923,8.537,1.045,8.362,2.613,9.408,3.31,3.136,6.62,2.439,3.659,6.794,5.401,8.537,0.871,2.265,anion
11.547,2.832,3.704,5.664,4.575,6.754,2.614,3.922,4.357,11.111,2.397,2.832,3.268,2.614,5.011,6.536,6.536,11.111,0.871,1.743,anion
12.587,0.233,2.797,1.632,5.361,9.324,1.166,8.392,2.564,15.851,2.797,3.497,3.73,0.932,2.331,5.128,6.061,10.723,2.797,2.098,anion
5.149,1.152,3.997,6.03,5.962,5.556,1.965,7.859,5.962,12.534,2.575,3.252,2.507,4.133,5.352,8.943,6.098,6.707,1.558,2.71,anion
12.928,0.57,3.612,2.091,6.464,7.605,0.951,8.745,4.563,11.977,3.042,3.422,4.373,3.042,3.612,7.034,6.654,7.224,0.57,1.521,anion
11.447,1.08,2.592,1.512,9.719,10.367,0.648,6.695,3.024,11.015,3.456,2.16,4.32,3.456,3.672,8.639,5.4,6.911,2.376,1.512,anion
8.859,2.044,4.6,4.77,5.111,9.199,3.066,9.199,4.259,9.881,2.215,3.918,3.237,3.407,3.407,5.963,6.644,5.281,1.533,3.407,anion
6.667,2.667,1.667,4.0,5.0,8.667,1.0,6.667,9.0,7.667,4.0,3.333,4.333,4.333,2.333,7.333,6.333,7.0,2.0,6.0,anion
9.319,1.792,3.763,2.688,6.452,6.631,1.613,8.244,4.122,10.753,1.792,3.405,3.943,3.047,4.122,8.244,7.885,7.706,1.792,2.688,anion
6.937,1.309,5.236,3.403,6.937,6.545,1.44,9.293,6.021,10.864,1.44,4.058,4.581,3.141,3.927,7.068,4.974,9.293,0.654,2.88,anion
5.206,0.868,5.64,8.677,4.772,5.64,1.518,8.677,6.074,11.28,2.82,3.905,3.037,3.471,4.338,5.64,7.375,5.857,1.735,3.471,cation
9.136,0.0,2.222,4.444,8.889,9.383,1.481,12.099,4.691,15.309,1.975,2.222,2.963,0.741,2.716,7.654,3.457,8.395,0.494,1.728,cation
12.113,2.062,3.093,5.67,4.124,6.959,4.381,3.093,1.289,14.175,2.835,0.515,5.412,3.093,4.897,9.794,6.186,6.443,1.031,2.835,cation
13.23,0.389,1.556,3.113,4.28,11.673,1.556,8.171,2.335,16.342,5.837,2.724,5.837,1.946,1.556,7.004,3.502,6.615,0.778,1.556,cation
9.859,1.408,2.817,2.347,6.103,11.268,0.939,11.737,4.695,11.737,2.817,3.286,0.939,0.469,1.408,9.39,5.164,7.981,1.408,4.225,cation
2.74,2.74,5.479,6.849,2.74,5.479,1.37,6.849,13.699,9.589,2.74,2.74,2.74,4.11,1.37,6.849,6.849,10.959,0.0,4.11,cation
5.952,1.905,3.333,7.024,7.262,5.238,2.381,7.5,4.048,11.19,3.69,4.762,3.452,5.0,4.405,6.548,5.0,6.548,1.786,2.976,cation
9.422,2.432,3.343,3.647,9.119,5.167,1.52,4.255,1.824,10.03,1.52,4.255,6.687,7.295,3.951,8.815,5.167,6.991,2.128,2.432,cation
7.148,1.021,4.969,4.833,6.127,7.284,0.817,5.786,5.106,9.871,3.812,3.608,4.084,3.812,4.969,6.807,6.399,7.76,1.974,3.812,cation
